close
17
58 107 1 18
58 107 19 36
58 107 37 54 
58 107 55 72
58 107 73 90
58 107 91 108
58 107 109 126
58 107 127 144
58 107 145 162
58 107 163 180
58 107 181 198
58 107 199 216
58 107 217 234
58 107 235 252
58 107 253 270
58 107 271 288
58 107 289 306
-------open---------
17
58 107 289 306
58 107 271 288
58 107 253 270
58 107 235 252
58 107 217 234
58 107 199 216
58 107 181 198
58 107 163 180
58 107 145 162
58 107 127 144
58 107 109 126
58 107 91 108
58 107 73 90
58 107 55 72
58 107 37 54 
58 107 19 36
58 107 1 18