stand:
3
153 188 342 374
153 188 376 408
153 188 410 442

stand-talk:
4
27 62 224 258
27 62 259 293
27 62 294 327
27 62 329 362

stand-shoot:
2
27 62 363 395
27 62 400 432

run
11
65 101 69 102
65 101 114 139
65 101 140 163
65 101 169 202
65 101 209 251
65 101 254 285
65 101 286 310
65 101 313 339
65 101 344 375
65 101 382 418
65 101 423 453

run-shoot
10
105 140 39 80
105 140 77 118
105 140 123 161
105 140 168 208
105 140 211 248
105 140 248 287
105 140 287 326
105 140 330 371
105 140 374 416
105 140 416 458

jump
7
144 191 84 110
144 191 115 131
144 191 135 154
144 191 158 184
144 191 186 218
144 191 216 242
144 191 245 276

jump-shoot
7
194 241 79 113
194 241 115 147
194 241 149 182
194 241 184 219
194 241 221 256
194 241 257 291
194 241 290 333

dash
2
253 287 297 328
253 287 329 379

dash-shoot
2
253 287 373 421
253 287 422 471

jump-wall
5
243 288 77 107
243 288 107 139
243 288 139 173
243 288 173 204
243 288 207 237

injured
10
295 346 80 108
295 346 119 159
295 346 158 198
295 346 198 239
295 346 237 277
295 346 277 317
295 346 319 358
295 346 358 399
295 346 398 438
295 346 437 477
---------------
effect
charge lv1:
11
9 56 2 36
9 56 36 97
9 56 97 145
9 56 145 193
9 56 193 239
9 56 239 288
9 56 288 335
9 56 335 386
9 56 386 432 
9 56 432 479
9 56 479 526

charge lv2:
11
66 117 19 28
66 117 47 96
66 117 98 143
66 117 148 188
66 117 198 234
66 117 241 287
66 117 291 333
66 117 337 383
66 117 388 429
66 117 438 473
66 117 489 520
---------------------OK

dash spark
8
124 156 18 35
124 156 102 122
124 156 138 163
124 156 177 206
124 156 218 247
124 156 259 288
124 156 300 329
124 156 344 370

dash smoke
12
163 114 2 12
163 114 16 25
163 114 30 39
163 114 43 54
163 114 57 68
163 114 71 84
163 114 84 98
163 114 98 112
163 114 112 126
163 114 126 140
163 114 140 154
163 114 154 168

wall kick
1
200 213 0 11

wall slide
6
225 240 0 8
225 240 11 22
225 240 28 43
225 240 48 63
225 240 70 85
225 240 90 104