117 7947 7947
0 0 0 6991 360 80 0
1 0 356 7035 168 124 0
2 0 516 7083 128 172 0
3 0 388 7167 420 16 0
4 0 640 6991 212 84 0
5 0 948 6991 80 80 0
6 0 996 7211 36 224 0
7 0 772 7247 76 32 0
8 0 768 7215 40 48 0
9 0 948 7247 84 40 0
10 0 996 7467 36 216 0
11 0 772 7467 28 220 0
12 0 768 7503 84 32 0
13 0 952 7503 144 44 0
14 0 1092 7547 96 96 0
15 0 1188 7519 68 72 0
16 0 772 7679 32 176 0
17 0 800 7679 200 16 0
18 0 1000 7683 272 32 0
19 0 1268 7651 48 32 0
20 0 1396 7651 224 68 0
21 0 1252 7487 448 64 0
22 0 2012 7519 296 288 0
23 0 2084 7599 48 80 0
24 0 2276 7651 32 136 0
25 0 1620 7679 688 28 0
26 0 1716 7247 336 32 0
27 0 2004 7215 52 300 0
28 0 1940 7119 68 44 0
29 0 1716 6991 340 32 0
30 0 1572 7119 320 32 0
31 0 1572 7247 64 32 0
32 0 1536 7367 36 648 0
33 0 1572 6991 64 36 0
34 0 1568 6735 68 80 0
35 0 1716 6811 116 156 0
36 0 1828 6783 68 128 0
37 0 1888 6735 4164 76 0
38 0 5988 6783 64 48 0
39 0 2020 6919 260 72 0
40 0 2276 6911 52 128 0
41 0 2320 6915 248 16 0
42 0 2548 6911 336 128 0
43 0 3076 6959 288 228 0
44 0 3168 7007 108 52 0
45 0 3124 6991 196 36 0
46 0 3364 6947 164 20 0
47 0 3396 6991 96 48 0
48 0 3524 6959 288 224 0
49 0 3616 7007 104 48 0
50 0 3564 6991 200 36 0
51 0 3812 6947 164 20 0
52 0 3844 6991 100 48 0
53 0 4068 7011 100 60 0
54 0 4008 6987 196 36 0
55 0 3976 6955 288 36 0
56 0 4228 6919 36 184 0
57 0 5396 6863 256 80 0
58 0 5636 6915 260 20 0
59 0 5632 6895 20 32 0
60 0 5876 6895 48 112 0
61 0 5924 6911 228 32 0
62 0 6116 6883 32 328 0
63 0 5960 6559 192 36 0
64 0 5944 6463 124 32 0
65 0 5888 6659 20 392 0
66 0 5972 6367 128 28 0
67 0 6132 6527 44 352 0
68 0 5896 6275 172 32 0
69 0 5988 6175 200 32 0
70 0 5892 6243 28 356 0
71 0 5988 5963 460 80 0
72 0 6188 6179 312 100 0
73 0 6448 5951 596 68 0
74 0 7044 5967 900 80 0
75 0 7396 6139 304 124 0
76 0 7204 6143 192 28 0
77 0 7700 6143 244 16 0
78 0 7920 6127 24 160 0
79 0 6584 6143 124 60 0
80 0 6788 6147 128 64 0
81 1 460 7083 32 40 0
82 1 692 7035 36 36 0
83 4 960 7035 32 44 0
84 4 964 7291 32 44 0
85 4 808 7291 32 44 1
86 4 1924 7291 36 44 0
87 4 1960 7159 36 36 0
88 4 1964 7031 28 32 0
89 4 1860 6827 32 36 0
90 4 1584 7291 32 36 1
91 4 1580 7163 28 36 1
92 4 1580 7035 28 36 1
93 10 2304 6787 20 52 1
94 11 2548 6783 20 48 1
95 7 2408 6835 52 52 1
96 2 3028 7047 32 44 1
97 2 3380 7099 36 44 1
98 2 3536 7119 28 36 1
99 2 3808 7111 32 40 1
100 1 3212 7051 36 40 1
101 1 3660 7055 32 40 1
102 1 6060 6607 32 40 1
103 1 5992 6507 32 36 1
104 1 6056 6411 24 36 1
105 1 5964 6319 36 36 1
106 1 6072 6223 36 44 1
107 4 6128 6011 28 44 1
108 4 6388 6011 32 44 1
109 13 6516 6139 48 244 1
110 13 6724 6199 52 252 1
111 13 6932 6199 52 248 1
112 6 7764 6075 100 60 1
113 14 7408 6015 16 48 1
114 14 7676 6015 12 48 1
115 14 5876 6783 16 48 1
116 14 5632 6783 12 48 1
1 0 7947 7947
10 0 7947 3973
100 0 7947 1986
1000 0 7947 993
10000 0 7947 496
10001 496 7947 497
100010 496 7947 248
100011 744 7947 249
100012 496 7699 248
100013 744 7699 249 11 12 13 16 17
10002 0 7451 496
100020 0 7451 248
100021 248 7451 248
100022 0 7203 248 0
100023 248 7203 248 0 1 3 81
10003 496 7451 497
100030 496 7451 248
100031 744 7451 249 7 8 9 11 84 85
100032 496 7203 248 1 2 3 4 82
100033 744 7203 249 3 4 5 8 83
1001 993 7947 993
10010 993 7947 496
100100 993 7947 248
100101 1241 7947 248
100102 993 7699 248 10 13 14 15 17 18
100103 1241 7699 248 15 18 19 20 21
10011 1489 7947 497
100110 1489 7947 248
100111 1737 7947 249
100112 1489 7699 248 20 21 25
100113 1737 7699 249 25
10012 993 7451 496
100120 993 7451 248 6 9 10 15 84
100121 1241 7451 248 15 21
100122 993 7203 248 5 6
100123 1241 7203 248
10013 1489 7451 497
100130 1489 7451 248 21 26 31 32 90
100131 1737 7451 249 26 86
100132 1489 7203 248 29 30 32 33 91 92
100133 1737 7203 249 28 29 30 87 88
1002 0 6954 993
10020 0 6954 496
100200 0 6954 248 0
100201 248 6954 248 0 1
100202 0 6706 248
100203 248 6706 248
10021 496 6954 497
100210 496 6954 248 1 2 4
100211 744 6954 249 4 5
100212 496 6706 248
100213 744 6706 249
10022 0 6458 496
10023 496 6458 497
1003 993 6954 993
10030 993 6954 496 5
10031 1489 6954 497
100310 1489 6954 248 32 34 35
100311 1737 6954 249 35 36 37 89
100312 1489 6706 248 34 35
100313 1737 6706 249 35 36 37
10032 993 6458 496
10033 1489 6458 497
101 1986 7947 1987
1010 1986 7947 993
10100 1986 7947 496
101000 1986 7947 248
101001 2234 7947 248
101002 1986 7699 248 22 23 25
101003 2234 7699 248 22 24 25
10101 2482 7947 497
10102 1986 7451 496
101020 1986 7451 248 22 26 27
101021 2234 7451 248 22
101022 1986 7203 248 27 28 29 87 88
101023 2234 7203 248
10103 2482 7451 497
1011 2979 7947 994
10110 2979 7947 497
10111 3476 7947 497
10112 2979 7451 497
101120 2979 7451 248
101121 3227 7451 249
101122 2979 7203 248 43 44 45 96 100
101123 3227 7203 249 43 44 45 47 97 100
10113 3476 7451 497
101130 3476 7451 248
101131 3724 7451 249
101132 3476 7203 248 47 48 49 50 98 101
101133 3724 7203 249 48 50 52 99
1012 1986 6954 993
10120 1986 6954 496
101200 1986 6954 248 27 37 39
101201 2234 6954 248 37 39 40 41 93 95
101202 1986 6706 248 37
101203 2234 6706 248 37
10121 2482 6954 497
101210 2482 6954 248 37 41 42 94
101211 2730 6954 249 37 42
101212 2482 6706 248 37
101213 2730 6706 249 37
10122 1986 6458 496
10123 2482 6458 497
1013 2979 6954 994
10130 2979 6954 497
101300 2979 6954 248 37 43
101301 3227 6954 249 37 43 46 47
101302 2979 6706 248 37
101303 3227 6706 249 37
10131 3476 6954 497
101310 3476 6954 248 37 46 47 48
101311 3724 6954 249 37 48 51 52
101312 3476 6706 248 37
101313 3724 6706 249 37
10132 2979 6458 497
10133 3476 6458 497
102 0 5961 1986
103 1986 5961 1987
11 3973 7947 3974
110 3973 7947 1987
1100 3973 7947 993
11000 3973 7947 496
11001 4469 7947 497
11002 3973 7451 496
110020 3973 7451 248
110021 4221 7451 248
110022 3973 7203 248 53 54 55
110023 4221 7203 248 55
11003 4469 7451 497
1101 4966 7947 994
1102 3973 6954 993
11020 3973 6954 496
110200 3973 6954 248 37 51 53 54 55
110201 4221 6954 248 37 55 56
110202 3973 6706 248 37
110203 4221 6706 248 37
11021 4469 6954 497 37
11022 3973 6458 496
11023 4469 6458 497
1103 4966 6954 994
11030 4966 6954 497
110300 4966 6954 248 37
110301 5214 6954 249 37 57
110302 4966 6706 248 37
110303 5214 6706 249 37
11031 5463 6954 497
110310 5463 6954 248 37 57 58 59 116
110311 5711 6954 249 37 58 60 61 115
110312 5463 6706 248 37
110313 5711 6706 249 37 64 65
11032 4966 6458 497
11033 5463 6458 497
110330 5463 6458 248
110331 5711 6458 249 64 65 68 70
110332 5463 6210 248
110333 5711 6210 249 70
111 5960 7947 1987
1110 5960 7947 993
1111 6953 7947 994
1112 5960 6954 993
11120 5960 6954 496
111200 5960 6954 248 37 38 61 62
111201 6208 6954 248
111202 5960 6706 248 37 62 63 64 67 102 103
111203 6208 6706 248
11121 6456 6954 497
11122 5960 6458 496
111220 5960 6458 248 64 66 67 68 104 105 106
111221 6208 6458 248
111222 5960 6210 248 67 69 71 72 106 107
111223 6208 6210 248 71 72 108
11123 6456 6458 497
111230 6456 6458 248
111231 6704 6458 249
111232 6456 6210 248 72 79 109
111233 6704 6210 249 79 80 110 111
1113 6953 6954 994
11130 6953 6954 497
11131 7450 6954 497
11132 6953 6458 497
111320 6953 6458 248
111321 7201 6458 249
111322 6953 6210 248 74 111
111323 7201 6210 249 74 75 76 113
11133 7450 6458 497
111330 7450 6458 248
111331 7698 6458 249
111332 7450 6210 248 74 75 114
111333 7698 6210 249 74 75 77 78 112
112 3973 5961 1987 70
113 5960 5961 1987
1130 5960 5961 993
11300 5960 5961 496
113000 5960 5961 248 71
113001 6208 5961 248 71 73
113002 5960 5713 248
113003 6208 5713 248
11301 6456 5961 497
113010 6456 5961 248 73 109
113011 6704 5961 249 73 110 111
113012 6456 5713 248
113013 6704 5713 249
11302 5960 5465 496
11303 6456 5465 497
1131 6953 5961 994
11310 6953 5961 497
113100 6953 5961 248 73 74 111
113101 7201 5961 249 74
113102 6953 5713 248
113103 7201 5713 249
11311 7450 5961 497 74
11312 6953 5465 497
11313 7450 5465 497
1132 5960 4968 993
1133 6953 4968 994
12 0 3974 3973
13 3973 3974 3974
