128 7947 7947
0 0 0 6987 360 76 0
1 0 360 7035 160 124 0
2 0 520 7083 120 172 0
3 0 644 6991 208 84 0
4 0 952 6987 76 76 0
5 0 996 7207 36 220 0
6 0 772 7247 32 96 0
7 0 772 7251 80 36 0
8 0 952 7247 76 40 0
9 0 996 7463 36 220 0
10 0 772 7467 32 220 0
11 0 772 7503 80 36 0
12 0 952 7503 144 44 0
13 0 772 7679 32 176 0
14 0 804 7683 192 16 0
15 0 996 7679 276 32 0
16 0 1096 7547 92 88 0
17 0 1184 7519 68 60 0
18 0 1268 7651 48 36 0
19 0 1400 7739 220 152 0
20 0 1248 7487 452 60 0
21 0 2020 7519 284 528 0
22 0 2004 7427 48 184 0
23 0 1716 7247 316 28 0
24 0 1536 7423 36 732 0
25 0 1564 7247 72 36 0
26 0 1568 7119 324 32 0
27 0 1944 7119 80 48 0
28 0 1716 6991 340 32 0
29 0 1568 6991 68 36 0
30 0 1568 6735 68 80 0
31 0 1720 6811 108 156 0
32 0 1824 6779 68 124 0
33 0 2276 6911 48 128 0
34 0 2020 6911 260 64 0
35 0 1888 6735 4164 80 0
36 0 2320 6915 248 20 0
37 0 2548 6895 336 112 0
38 0 3076 6959 288 224 0
39 0 3168 6999 104 40 0
40 0 3140 6979 160 20 0
41 0 3364 6943 164 20 0
42 0 3396 6991 96 48 0
43 0 3520 6955 292 220 0
44 0 3620 6999 104 44 0
45 0 3572 6975 184 20 0
46 0 3808 6947 176 24 0
47 0 3844 6991 96 48 0
48 0 3972 6959 288 228 0
49 0 4068 6995 104 40 0
50 0 4036 6979 172 24 0
51 0 5332 6899 72 36 0
52 0 5396 6863 256 80 0
53 0 5632 6911 24 56 0
54 0 5656 6915 248 20 0
55 0 5876 6895 48 112 0
56 0 5924 6911 224 32 0
57 0 5988 6783 68 128 0
58 0 6116 6883 32 356 0
59 0 5956 6559 192 32 0
60 0 5892 6659 16 392 0
61 0 5940 6463 128 32 0
62 0 6128 6531 20 16 0
63 0 6132 6515 24 260 0
64 0 6152 6255 44 76 0
65 0 5972 6363 128 28 0
66 0 5892 6275 176 36 0
67 0 5988 6175 176 32 0
68 0 5892 6239 32 344 0
69 0 5988 5963 464 76 0
70 0 7044 5963 900 76 0
71 0 6116 6143 384 64 0
72 0 6580 6143 128 64 0
73 0 6448 5935 596 48 0
74 0 6788 6147 128 68 0
75 0 6996 6143 144 64 0
76 0 7140 6143 64 48 0
77 0 7200 6147 196 36 0
78 0 7396 6147 304 132 0
79 0 7696 6147 244 20 0
80 0 7924 6127 20 160 0
81 14 7684 6019 16 56 0
82 14 7404 6015 16 52 0
83 6 7760 6087 112 88 0
84 13 6932 6195 52 252 0
85 13 6724 6195 52 252 0
86 13 6516 6143 48 200 0
87 4 6384 6011 36 48 0
88 4 6124 6011 32 52 0
89 16 5920 5947 72 56 0
90 16 6132 6255 32 80 0
91 15 5992 6187 172 44 1
92 15 5976 6371 120 36 1
93 15 5892 6283 176 44 0
94 15 5940 6467 128 36 0
95 15 5956 6563 168 36 1
96 1 6060 6607 36 44 0
97 1 5996 6507 32 40 0
98 1 6052 6411 36 40 0
99 1 5964 6319 32 44 0
100 14 5876 6783 20 48 0
101 14 5628 6783 24 44 0
102 2 3808 7111 36 40 0
103 2 3536 7119 32 36 0
104 2 3380 7099 32 40 0
105 2 3028 7047 32 44 0
106 1 3668 7055 28 40 0
107 1 3208 7051 40 40 0
108 10 2308 6783 16 48 0
109 11 2548 6783 20 48 0
110 7 2392 6847 96 76 0
111 1 1860 6827 28 40 0
112 1 1964 7035 28 36 0
113 1 1960 7159 32 36 0
114 1 1924 7291 32 40 0
115 1 1580 7035 28 40 1
116 1 1580 7163 28 36 1
117 1 1588 7291 32 36 1
118 16 1636 6723 84 68 1
119 16 2004 7071 24 80 1
120 15 1716 6995 344 32 1
121 15 1716 7251 316 32 1
122 15 1568 7123 324 32 0
123 4 960 7031 32 44 0
124 4 964 7287 28 40 0
125 4 812 7287 24 44 1
126 1 456 7083 36 40 0
127 1 692 7039 32 44 0
1 0 7947 7947
10 0 7947 3973
100 0 7947 1986
1000 0 7947 993
10000 0 7947 496
10001 496 7947 497
100010 496 7947 248
100011 744 7947 249
100012 496 7699 248
100013 744 7699 249 10 11 12 13 14
10002 0 7451 496
100020 0 7451 248
100021 248 7451 248
100022 0 7203 248 0
100023 248 7203 248 0 1 126
10003 496 7451 497
100030 496 7451 248
100031 744 7451 249 6 7 8 10 124 125
100032 496 7203 248 1 2 3 127
100033 744 7203 249 3 4 6 123
1001 993 7947 993
10010 993 7947 496
100100 993 7947 248
100101 1241 7947 248 19
100102 993 7699 248 9 12 14 15 16 17
100103 1241 7699 248 15 17 18 19 20
10011 1489 7947 497
100110 1489 7947 248 19
100111 1737 7947 249
100112 1489 7699 248 19 20
100113 1737 7699 249
10012 993 7451 496
100120 993 7451 248 5 8 9
100121 1241 7451 248 20
100122 993 7203 248 4 5
100123 1241 7203 248
10013 1489 7451 497
100130 1489 7451 248 20 23 24 25 117 121
100131 1737 7451 249 23 114 121
100132 1489 7203 248 24 26 28 29 115 116 120 122
100133 1737 7203 249 26 27 28 112 113 120 122
1002 0 6954 993
10020 0 6954 496
100200 0 6954 248 0
100201 248 6954 248 0 1
100202 0 6706 248
100203 248 6706 248
10021 496 6954 497
100210 496 6954 248 1 2 3
100211 744 6954 249 3 4
100212 496 6706 248
100213 744 6706 249
10022 0 6458 496
10023 496 6458 497
1003 993 6954 993
10030 993 6954 496 4
10031 1489 6954 497
100310 1489 6954 248 24 30 31 118
100311 1737 6954 249 31 32 35 111
100312 1489 6706 248 24 30 31 118
100313 1737 6706 249 31 32 35
10032 993 6458 496
10033 1489 6458 497
101 1986 7947 1987
1010 1986 7947 993
10100 1986 7947 496 21
10101 2482 7947 497
10102 1986 7451 496
101020 1986 7451 248 21 22 23 121
101021 2234 7451 248 21
101022 1986 7203 248 21 27 28 112 113 119 120
101023 2234 7203 248 21
10103 2482 7451 497
1011 2979 7947 994
10110 2979 7947 497
10111 3476 7947 497
10112 2979 7451 497
101120 2979 7451 248
101121 3227 7451 249
101122 2979 7203 248 38 39 40 105 107
101123 3227 7203 249 38 39 40 42 104 107
10113 3476 7451 497
101130 3476 7451 248
101131 3724 7451 249
101132 3476 7203 248 42 43 44 45 103 106
101133 3724 7203 249 43 45 47 48 102
1012 1986 6954 993
10120 1986 6954 496
101200 1986 6954 248 34 35
101201 2234 6954 248 33 34 35 36 108 110
101202 1986 6706 248 35
101203 2234 6706 248 35
10121 2482 6954 497
101210 2482 6954 248 35 36 37 109 110
101211 2730 6954 249 35 37
101212 2482 6706 248 35
101213 2730 6706 249 35
10122 1986 6458 496
10123 2482 6458 497
1013 2979 6954 994
10130 2979 6954 497
101300 2979 6954 248 35 38
101301 3227 6954 249 35 38 41 42
101302 2979 6706 248 35
101303 3227 6706 249 35
10131 3476 6954 497
101310 3476 6954 248 35 41 42 43
101311 3724 6954 249 35 43 46 47 48
101312 3476 6706 248 35
101313 3724 6706 249 35
10132 2979 6458 497
10133 3476 6458 497
102 0 5961 1986
103 1986 5961 1987
11 3973 7947 3974
110 3973 7947 1987
1100 3973 7947 993
11000 3973 7947 496
11001 4469 7947 497
11002 3973 7451 496
110020 3973 7451 248
110021 4221 7451 248
110022 3973 7203 248 48 49 50
110023 4221 7203 248 48
11003 4469 7451 497
1101 4966 7947 994
1102 3973 6954 993
11020 3973 6954 496
110200 3973 6954 248 35 46 48
110201 4221 6954 248 35 48
110202 3973 6706 248 35
110203 4221 6706 248 35
11021 4469 6954 497 35
11022 3973 6458 496
11023 4469 6458 497
1103 4966 6954 994
11030 4966 6954 497
110300 4966 6954 248 35
110301 5214 6954 249 35 51 52
110302 4966 6706 248 35
110303 5214 6706 249 35
11031 5463 6954 497
110310 5463 6954 248 35 52 53 54 101
110311 5711 6954 249 35 54 55 56 100
110312 5463 6706 248 35
110313 5711 6706 249 35 59 60 61 94 95
11032 4966 6458 497
11033 5463 6458 497
110330 5463 6458 248
110331 5711 6458 249 60 61 66 68 93 94
110332 5463 6210 248
110333 5711 6210 249 68
111 5960 7947 1987
1110 5960 7947 993
1111 6953 7947 994
1112 5960 6954 993
11120 5960 6954 496
111200 5960 6954 248 35 56 57 58
111201 6208 6954 248
111202 5960 6706 248 35 57 58 59 61 62 63 94 95 96 97
111203 6208 6706 248
11121 6456 6954 497
11122 5960 6458 496
111220 5960 6458 248 61 63 64 65 66 90 92 93 94 98 99
111221 6208 6458 248
111222 5960 6210 248 64 67 69 71 88 90 91
111223 6208 6210 248 69 71 87
11123 6456 6458 497
111230 6456 6458 248
111231 6704 6458 249
111232 6456 6210 248 71 72 86
111233 6704 6210 249 72 74 84 85
1113 6953 6954 994
11130 6953 6954 497
11131 7450 6954 497
11132 6953 6458 497
111320 6953 6458 248
111321 7201 6458 249
111322 6953 6210 248 70 75 76 77 84
111323 7201 6210 249 70 76 77 78 82
11133 7450 6458 497
111330 7450 6458 248
111331 7698 6458 249
111332 7450 6210 248 70 78 79 81
111333 7698 6210 249 70 78 79 80 81 83
112 3973 5961 1987
1120 3973 5961 993
1121 4966 5961 994
11210 4966 5961 497
11211 5463 5961 497
112110 5463 5961 248
112111 5711 5961 249 68 89
112112 5463 5713 248
112113 5711 5713 249
11212 4966 5465 497
11213 5463 5465 497
1122 3973 4968 993
1123 4966 4968 994
113 5960 5961 1987
1130 5960 5961 993
11300 5960 5961 496
113000 5960 5961 248 69 88 89
113001 6208 5961 248 69 73
113002 5960 5713 248
113003 6208 5713 248
11301 6456 5961 497
113010 6456 5961 248 73 86
113011 6704 5961 249 73 84 85
113012 6456 5713 248
113013 6704 5713 249
11302 5960 5465 496
11303 6456 5465 497
1131 6953 5961 994
11310 6953 5961 497
113100 6953 5961 248 70 73 84
113101 7201 5961 249 70
113102 6953 5713 248
113103 7201 5713 249
11311 7450 5961 497 70
11312 6953 5465 497
11313 7450 5465 497
1132 5960 4968 993
1133 6953 4968 994
12 0 3974 3973
13 3973 3974 3974
