63 7947 7947
0 0 0 6991 520 76 0
1 0 356 7039 268 128 0
2 0 516 7087 128 176 0
3 0 596 6991 260 84 0
4 0 948 6987 80 80 0
5 0 772 7679 32 524 0
6 0 744 7247 104 40 0
7 0 948 7247 88 40 0
8 0 996 7479 68 604 0
9 0 712 7507 136 40 0
10 0 948 7503 208 48 0
11 0 1092 7551 96 128 0
12 0 1172 7519 80 96 0
13 0 1228 7487 472 64 0
14 0 2008 7519 300 608 0
15 0 1716 7247 336 32 0
16 0 1512 7423 64 764 0
17 0 1540 7119 352 32 0
18 0 1940 7119 116 48 0
19 0 1716 6991 336 28 0
20 0 1716 6811 116 152 0
21 0 1520 6991 116 36 0
22 0 1800 6779 92 124 0
23 0 1880 6735 4168 72 0
24 0 2276 6911 48 128 0
25 0 2548 6911 336 128 0
26 0 3076 6959 292 224 0
27 0 3172 7007 104 48 0
28 0 3092 6979 260 24 0
29 0 3132 6999 188 44 0
30 0 3116 6991 212 40 0
31 0 3356 6947 196 20 0
32 0 3396 6991 96 44 0
33 0 3524 6927 32 196 0
34 0 5960 6559 192 32 0
35 0 6116 6879 32 352 0
36 0 5940 6463 128 36 0
37 0 6132 6527 68 352 0
38 0 5880 6663 28 392 0
39 0 5972 6367 128 32 0
40 0 5872 6271 196 36 0
41 0 5988 6175 208 36 0
42 0 5884 6235 44 348 0
43 0 5988 5963 528 76 0
44 0 6564 5955 484 72 0
45 0 7044 5967 900 84 0
46 0 7924 6143 20 180 0
47 0 7392 6147 304 128 0
48 1 420 7107 36 52 0
49 1 736 7051 48 52 0
50 4 952 7051 40 56 0
51 4 952 7303 36 48 0
52 4 808 7307 36 52 1
53 1 1924 7299 40 44 0
54 1 1584 7179 40 48 1
55 1 1940 7043 44 44 0
56 1 1992 6783 36 40 1
57 10 2294 6783 20 48 1
58 7 2404 6859 64 60 1
59 11 2548 6787 20 52 1
60 4 3032 6791 28 48 1
61 2 3092 7079 20 44 1
62 1 3204 7059 32 44 1