116 7947 7947
0 0 0 6991 360 80 0
1 0 356 7039 168 128 0
2 0 516 7087 128 176 0
3 0 388 7167 416 16 0
4 0 636 6991 212 84 0
5 0 948 6991 80 40 0
6 0 996 7211 32 224 0
7 0 772 7247 80 36 0
8 0 948 7247 80 40 0
9 0 772 7211 32 48 0
10 0 996 7467 36 216 0
11 0 772 7679 32 436 0
12 0 772 7503 80 36 0
13 0 948 7503 156 48 0
14 0 1092 7551 92 92 0
15 0 1268 7663 48 48 0
16 0 1180 7519 72 72 0
17 0 1244 7487 456 64 0
18 0 2004 7683 268 264 0
19 0 2004 7419 56 504 0
20 0 1716 7247 328 32 0
21 0 1540 7383 32 268 0
22 0 1564 7251 76 40 0
23 0 1540 7119 352 32 0
24 0 1940 7119 68 48 0
25 0 1716 6991 316 32 0
26 0 1536 7087 36 368 0
27 0 1572 6735 64 80 0
28 0 1572 6991 64 36 0
29 0 1716 6819 112 164 0
30 0 1824 6783 72 128 0
31 0 1892 6735 4160 80 0
32 0 2080 6915 212 68 0
33 0 2276 6911 48 124 0
34 0 2324 6915 276 20 0
35 0 2548 6899 336 116 0
36 0 3072 6963 292 228 0
37 0 3164 7007 120 52 0
38 0 3120 6991 196 28 0
39 0 3368 6947 164 24 0
40 0 3392 6991 104 44 0
41 0 3532 6959 732 224 0
42 0 3620 7011 100 56 0
43 0 3568 6991 188 32 0
44 0 3844 6995 96 52 0
45 0 5396 6867 256 84 0
46 0 5872 6915 52 128 0
47 0 5636 6915 240 20 0
48 0 5988 6783 64 48 0
49 0 6116 6879 36 324 0
50 0 5956 6559 196 32 0
51 0 5892 6659 16 392 0
52 0 5940 6463 128 32 0
53 0 6128 6531 48 356 0
54 0 5972 6367 132 32 0
55 0 5892 6271 180 36 0
56 0 5988 6175 184 28 0
57 0 5892 6239 32 320 0
58 0 5988 5967 460 80 0
59 0 6448 5943 592 56 0
60 0 7040 5971 904 80 0
61 0 7396 6115 304 96 0
62 0 7204 6143 192 32 0
63 0 7696 6147 244 20 0
64 0 7924 6123 20 152 0
65 1 460 7087 32 48 0
66 1 692 7039 36 44 0
67 4 960 7035 36 44 0
68 4 964 7291 36 40 0
69 4 808 7291 36 44 1
70 1 1924 7291 32 36 0
71 1 1960 7159 32 32 0
72 1 1584 7291 32 32 0
73 1 1580 7163 32 36 0
74 1 1580 7035 28 36 0
75 1 1964 7035 32 40 0
76 16 1996 7511 44 84 0
77 16 1996 7515 52 88 0
78 16 2000 7055 32 56 0
79 16 1636 6715 80 56 0
80 1 1860 6827 32 36 0
81 10 2304 6787 16 52 0
82 11 2548 6783 16 48 0
83 2 3032 7047 28 40 0
84 2 3384 7095 28 36 0
85 2 3540 7119 28 36 0
86 2 3812 7107 28 32 0
87 1 3212 7051 36 40 0
88 1 3668 7055 32 36 0
89 14 5628 6783 16 48 0
90 14 5876 6791 24 60 0
91 1 6056 6607 36 40 0
92 1 5996 6507 28 36 0
93 1 6052 6411 32 36 0
94 1 5968 6315 32 36 0
95 1 6072 6223 32 40 0
96 4 6128 6011 28 44 0
97 4 6388 6011 36 44 0
98 13 6516 6139 48 248 0
99 13 6724 6195 52 256 0
100 13 6932 6195 52 256 0
101 14 7400 6019 16 48 0
102 14 7676 6019 16 48 0
103 6 7784 6079 72 72 0
104 16 5924 5959 64 68 0
105 15 5988 6183 176 32 1
106 15 5968 6375 140 36 1
107 15 5892 6279 180 40 0
108 15 5940 6471 132 36 0
109 15 5956 6567 176 36 1
110 15 1716 6995 180 108 1
111 15 1716 6995 316 32 1
112 15 1716 7251 332 36 1
113 15 1544 7127 348 40 0
114 7 2384 6839 100 76 0
115 16 6124 6255 44 72 0
1 0 7947 7947
10 0 7947 3973
100 0 7947 1986
1000 0 7947 993
10000 0 7947 496
10001 496 7947 497
100010 496 7947 248
100011 744 7947 249
100012 496 7699 248
100013 744 7699 249 11 12 13
10002 0 7451 496
100020 0 7451 248
100021 248 7451 248
100022 0 7203 248 0
100023 248 7203 248 0 1 3 65
10003 496 7451 497
100030 496 7451 248
100031 744 7451 249 7 8 9 11 68 69
100032 496 7203 248 1 2 3 4 66
100033 744 7203 249 3 4 5 9 67
1001 993 7947 993
10010 993 7947 496
100100 993 7947 248
100101 1241 7947 248
100102 993 7699 248 10 13 14 16
100103 1241 7699 248 15 16 17
10011 1489 7947 497 17
10012 993 7451 496
100120 993 7451 248 6 8 10 16 68
100121 1241 7451 248 16 17
100122 993 7203 248 5 6 67
100123 1241 7203 248
10013 1489 7451 497
100130 1489 7451 248 17 20 21 22 72 112
100131 1737 7451 249 20 70 112
100132 1489 7203 248 21 23 25 26 28 73 74 110 111 113
100133 1737 7203 249 23 24 25 71 75 110 111 113
1002 0 6954 993
10020 0 6954 496
100200 0 6954 248 0
100201 248 6954 248 0 1
100202 0 6706 248
100203 248 6706 248
10021 496 6954 497
100210 496 6954 248 1 2 4
100211 744 6954 249 4 5
100212 496 6706 248
100213 744 6706 249
10022 0 6458 496
10023 496 6458 497
1003 993 6954 993
10030 993 6954 496 5
10031 1489 6954 497
100310 1489 6954 248 26 27 29 79 110
100311 1737 6954 249 29 30 31 80 110
100312 1489 6706 248 27 29 79
100313 1737 6706 249 29 30 31
10032 993 6458 496
10033 1489 6458 497
101 1986 7947 1987
1010 1986 7947 993
10100 1986 7947 496
101000 1986 7947 248
101001 2234 7947 248
101002 1986 7699 248 18 76 77
101003 2234 7699 248 18
10101 2482 7947 497
10102 1986 7451 496
101020 1986 7451 248 18 19 20 76 77 112
101021 2234 7451 248 18
101022 1986 7203 248 19 24 25 71 75 78 111
101023 2234 7203 248
10103 2482 7451 497
1011 2979 7947 994
10110 2979 7947 497
10111 3476 7947 497
10112 2979 7451 497
101120 2979 7451 248
101121 3227 7451 249
101122 2979 7203 248 36 37 38 83 87
101123 3227 7203 249 36 37 38 40 84 87
10113 3476 7451 497
101130 3476 7451 248
101131 3724 7451 249
101132 3476 7203 248 40 41 42 43 85 88
101133 3724 7203 249 41 43 44 86
1012 1986 6954 993
10120 1986 6954 496
101200 1986 6954 248 19 31 32
101201 2234 6954 248 31 32 33 34 81 114
101202 1986 6706 248 31
101203 2234 6706 248 31
10121 2482 6954 497
101210 2482 6954 248 31 34 35 82 114
101211 2730 6954 249 31 35
101212 2482 6706 248 31
101213 2730 6706 249 31
10122 1986 6458 496
10123 2482 6458 497
1013 2979 6954 994
10130 2979 6954 497
101300 2979 6954 248 31 36
101301 3227 6954 249 31 36 39 40
101302 2979 6706 248 31
101303 3227 6706 249 31
10131 3476 6954 497
101310 3476 6954 248 31 39 40 41
101311 3724 6954 249 31 41 44
101312 3476 6706 248 31
101313 3724 6706 249 31
10132 2979 6458 497
10133 3476 6458 497
102 0 5961 1986
103 1986 5961 1987
11 3973 7947 3974
110 3973 7947 1987
1100 3973 7947 993 41
1101 4966 7947 994
1102 3973 6954 993
11020 3973 6954 496
110200 3973 6954 248 31 41
110201 4221 6954 248 31 41
110202 3973 6706 248 31
110203 4221 6706 248 31
11021 4469 6954 497 31
11022 3973 6458 496
11023 4469 6458 497
1103 4966 6954 994
11030 4966 6954 497
110300 4966 6954 248 31
110301 5214 6954 249 31 45
110302 4966 6706 248 31
110303 5214 6706 249 31
11031 5463 6954 497
110310 5463 6954 248 31 45 47 89
110311 5711 6954 249 31 46 47 90
110312 5463 6706 248 31
110313 5711 6706 249 31 50 51 52 108 109
11032 4966 6458 497
11033 5463 6458 497
110330 5463 6458 248
110331 5711 6458 249 51 52 55 57 107 108
110332 5463 6210 248
110333 5711 6210 249 57
111 5960 7947 1987
1110 5960 7947 993
1111 6953 7947 994
1112 5960 6954 993
11120 5960 6954 496
111200 5960 6954 248 31 48 49
111201 6208 6954 248
111202 5960 6706 248 31 49 50 52 53 91 92 108 109
111203 6208 6706 248
11121 6456 6954 497
11122 5960 6458 496
111220 5960 6458 248 52 53 54 55 93 94 95 106 107 108 115
111221 6208 6458 248
111222 5960 6210 248 53 56 58 95 96 105 115
111223 6208 6210 248 58 97
11123 6456 6458 497
111230 6456 6458 248
111231 6704 6458 249
111232 6456 6210 248 98
111233 6704 6210 249 99 100
1113 6953 6954 994
11130 6953 6954 497
11131 7450 6954 497
11132 6953 6458 497
111320 6953 6458 248
111321 7201 6458 249
111322 6953 6210 248 60 100
111323 7201 6210 249 60 61 62 101
11133 7450 6458 497
111330 7450 6458 248
111331 7698 6458 249
111332 7450 6210 248 60 61 63 102
111333 7698 6210 249 60 61 63 64 103
112 3973 5961 1987
1120 3973 5961 993
1121 4966 5961 994
11210 4966 5961 497
11211 5463 5961 497
112110 5463 5961 248
112111 5711 5961 249 57 104
112112 5463 5713 248
112113 5711 5713 249
11212 4966 5465 497
11213 5463 5465 497
1122 3973 4968 993
1123 4966 4968 994
113 5960 5961 1987
1130 5960 5961 993
11300 5960 5961 496
113000 5960 5961 248 58 104
113001 6208 5961 248 58 59
113002 5960 5713 248
113003 6208 5713 248
11301 6456 5961 497
113010 6456 5961 248 59 98
113011 6704 5961 249 59 99 100
113012 6456 5713 248
113013 6704 5713 249
11302 5960 5465 496
11303 6456 5465 497
1131 6953 5961 994
11310 6953 5961 497
113100 6953 5961 248 59 60 100
113101 7201 5961 249 60
113102 6953 5713 248
113103 7201 5713 249
11311 7450 5961 497 60
11312 6953 5465 497
11313 7450 5465 497
1132 5960 4968 993
1133 6953 4968 994
12 0 3974 3973
13 3973 3974 3974
