1 0 7947 7947
10 0 7947 3973
100 0 7947 1986
1000 0 7947 993
10000 0 7947 496
10001 496 7947 497
100010 496 7947 248
100011 744 7947 249
100012 496 7699 248
100013 744 7699 249 9 10 11
10002 0 7451 496
100020 0 7451 248
100021 248 7451 248
100022 0 7203 248 0
100023 248 7203 248 0 1
10003 496 7451 497
100030 496 7451 248
100031 744 7451 249 6 7 8 11
100032 496 7203 248 1 2 3
100033 744 7203 249 3 4 6
1001 993 7947 993
10010 993 7947 496
100100 993 7947 248
100101 1241 7947 248
100102 993 7699 248 10 12 13 14 15
100103 1241 7699 248 15 16
10011 1489 7947 497 16
10012 993 7451 496
100120 993 7451 248 5 8 12
100121 1241 7451 248 16
100122 993 7203 248 4 5
100123 1241 7203 248
10013 1489 7451 497
100130 1489 7451 248 16 22 24
100131 1737 7451 249 22
100132 1489 7203 248 24 25 28 29 30
100133 1737 7203 249 25 27 28
1002 0 6954 993
10020 0 6954 496
100200 0 6954 248 0
100201 248 6954 248 0 1
100202 0 6706 248
100203 248 6706 248
10021 496 6954 497
100210 496 6954 248 1 2 3
100211 744 6954 249 3 4
100212 496 6706 248
100213 744 6706 249
10022 0 6458 496
10023 496 6458 497
1003 993 6954 993
10030 993 6954 496 4
10031 1489 6954 497
100310 1489 6954 248 30 31 32
100311 1737 6954 249 32 33 34
100312 1489 6706 248 30 31 32
100313 1737 6706 249 32 33 34
10032 993 6458 496
10033 1489 6458 497
101 1986 7947 1987
1010 1986 7947 993
10100 1986 7947 496
101000 1986 7947 248
101001 2234 7947 248
101002 1986 7699 248 17 18 19 20
101003 2234 7699 248 20 21
10101 2482 7947 497
10102 1986 7451 496
101020 1986 7451 248 18 19 22 23 26
101021 2234 7451 248
101022 1986 7203 248 26 27 28
101023 2234 7203 248
10103 2482 7451 497
1011 2979 7947 994
1012 1986 6954 993 34
1013 2979 6954 994 34
102 0 5961 1986
103 1986 5961 1987
11 3973 7947 3974
12 0 3974 3973
13 3973 3974 3974