63 7947 7947
0 0 0 6991 520 76 0
1 0 356 7039 268 128 0
2 0 516 7087 128 176 0
3 0 596 6991 260 84 0
4 0 948 6987 80 80 0
5 0 772 7679 32 524 0
6 0 744 7247 104 40 0
7 0 948 7247 88 40 0
8 0 996 7479 68 604 0
9 0 712 7507 136 40 0
10 0 948 7503 208 48 0
11 0 1092 7551 96 128 0
12 0 1172 7519 80 96 0
13 0 1228 7487 472 64 0
14 0 2008 7519 300 608 0
15 0 1716 7247 336 32 0
16 0 1512 7423 64 764 0
17 0 1540 7119 352 32 0
18 0 1940 7119 116 48 0
19 0 1716 6991 336 28 0
20 0 1716 6811 116 152 0
21 0 1520 6991 116 36 0
22 0 1800 6779 92 124 0
23 0 1880 6735 4168 72 0
24 0 2276 6911 48 128 0
25 0 2548 6911 336 128 0
26 0 3076 6959 292 224 0
27 0 3172 7007 104 48 0
28 0 3092 6979 260 24 0
29 0 3132 6999 188 44 0
30 0 3116 6991 212 40 0
31 0 3356 6947 196 20 0
32 0 3396 6991 96 44 0
33 0 3524 6927 32 196 0
34 0 5960 6559 192 32 0
35 0 6116 6879 32 352 0
36 0 5940 6463 128 36 0
37 0 6132 6527 68 352 0
38 0 5880 6663 28 392 0
39 0 5972 6367 128 32 0
40 0 5872 6271 196 36 0
41 0 5988 6175 208 36 0
42 0 5884 6235 44 348 0
43 0 5988 5963 528 76 0
44 0 6564 5955 484 72 0
45 0 7044 5967 900 84 0
46 0 7924 6143 20 180 0
47 0 7392 6147 304 128 0
48 1 420 7107 36 52 0
49 1 736 7051 48 52 0
50 4 952 7051 40 56 0
51 4 952 7303 36 48 0
52 4 808 7307 36 52 1
53 1 1924 7299 40 44 0
54 1 1584 7179 40 48 1
55 1 1940 7043 44 44 0
56 1 1992 6783 36 40 1
57 10 2284 6783 20 48 1
58 7 2404 6859 64 60 1
59 11 2548 6787 20 52 1
60 4 3032 6791 28 48 1
61 2 3092 7079 20 44 1
62 1 3204 7059 32 44 1
1 0 7947 7947
10 0 7947 3973
100 0 7947 1986
1000 0 7947 993
10000 0 7947 496
10001 496 7947 497
100010 496 7947 248
100011 744 7947 249
100012 496 7699 248 9
100013 744 7699 249 5 9 10
10002 0 7451 496
100020 0 7451 248
100021 248 7451 248
100022 0 7203 248 0
100023 248 7203 248 0 1 48
10003 496 7451 497
100030 496 7451 248
100031 744 7451 249 5 6 7 51 52
100032 496 7203 248 0 1 2 3 49
100033 744 7203 249 3 4 5 49 50
1001 993 7947 993
10010 993 7947 496
100100 993 7947 248
100101 1241 7947 248
100102 993 7699 248 8 10 11 12 13
100103 1241 7699 248 12 13
10011 1489 7947 497 13
10012 993 7451 496
100120 993 7451 248 7 8 11 12 13
100121 1241 7451 248 12 13
100122 993 7203 248 4 8
100123 1241 7203 248
10013 1489 7451 497
100130 1489 7451 248 13 15 16
100131 1737 7451 249 15 53
100132 1489 7203 248 16 17 19 21 54
100133 1737 7203 249 17 18 19 55
1002 0 6954 993
10020 0 6954 496
100200 0 6954 248 0
100201 248 6954 248 0 1
100202 0 6706 248
100203 248 6706 248
10021 496 6954 497
100210 496 6954 248 0 1 2 3
100211 744 6954 249 3 4
100212 496 6706 248
100213 744 6706 249
10022 0 6458 496
10023 496 6458 497
1003 993 6954 993
10030 993 6954 496
100300 993 6954 248 4 8
100301 1241 6954 248
100302 993 6706 248
100303 1241 6706 248
10031 1489 6954 497
100310 1489 6954 248 16 20
100311 1737 6954 249 20 22 23
100312 1489 6706 248 16 20
100313 1737 6706 249 20 22 23
10032 993 6458 496
10033 1489 6458 497
101 1986 7947 1987
1010 1986 7947 993
10100 1986 7947 496 14
10101 2482 7947 497
10102 1986 7451 496
101020 1986 7451 248 14 15
101021 2234 7451 248 14
101022 1986 7203 248 14 18 19
101023 2234 7203 248 14
10103 2482 7451 497
1011 2979 7947 994
10110 2979 7947 497
10111 3476 7947 497
10112 2979 7451 497
101120 2979 7451 248
101121 3227 7451 249
101122 2979 7203 248 26 27 28 29 30 61 62
101123 3227 7203 249 26 27 28 29 30 32 62
10113 3476 7451 497 32
1012 1986 6954 993
10120 1986 6954 496
101200 1986 6954 248 14 23 56
101201 2234 6954 248 14 23 24 57 58
101202 1986 6706 248 23
101203 2234 6706 248 23
10121 2482 6954 497
101210 2482 6954 248 23 25 59
101211 2730 6954 249 23 25
101212 2482 6706 248 23
101213 2730 6706 249 23
10122 1986 6458 496
10123 2482 6458 497
1013 2979 6954 994
10130 2979 6954 497
101300 2979 6954 248 23 26 30 60
101301 3227 6954 249 23 26 30 31 32
101302 2979 6706 248 23
101303 3227 6706 249 23
10131 3476 6954 497
101310 3476 6954 248 23 31 32 33
101311 3724 6954 249 23
101312 3476 6706 248 23
101313 3724 6706 249 23
10132 2979 6458 497
10133 3476 6458 497
102 0 5961 1986
103 1986 5961 1987
11 3973 7947 3974
110 3973 7947 1987
1100 3973 7947 993
1101 4966 7947 994
1102 3973 6954 993 23
1103 4966 6954 994
11030 4966 6954 497 23
11031 5463 6954 497
110310 5463 6954 248 23
110311 5711 6954 249 23
110312 5463 6706 248 23
110313 5711 6706 249 23 36 38
11032 4966 6458 497
11033 5463 6458 497
110330 5463 6458 248
110331 5711 6458 249 36 38 40 42
110332 5463 6210 248
110333 5711 6210 249 42
111 5960 7947 1987
1110 5960 7947 993
1111 6953 7947 994
1112 5960 6954 993
11120 5960 6954 496
111200 5960 6954 248 23 35
111201 6208 6954 248
111202 5960 6706 248 23 34 35 36 37
111203 6208 6706 248
11121 6456 6954 497
11122 5960 6458 496
111220 5960 6458 248 36 37 39 40
111221 6208 6458 248
111222 5960 6210 248 37 41 43
111223 6208 6210 248 43
11123 6456 6458 497 43
1113 6953 6954 994
11130 6953 6954 497
11131 7450 6954 497
11132 6953 6458 497
111320 6953 6458 248
111321 7201 6458 249
111322 6953 6210 248 45
111323 7201 6210 249 45 47
11133 7450 6458 497
111330 7450 6458 248
111331 7698 6458 249
111332 7450 6210 248 45 47
111333 7698 6210 249 45 46
112 3973 5961 1987 42
113 5960 5961 1987
1130 5960 5961 993
11300 5960 5961 496 43
11301 6456 5961 497
113010 6456 5961 248 43 44
113011 6704 5961 249 44
113012 6456 5713 248
113013 6704 5713 249
11302 5960 5465 496
11303 6456 5465 497
1131 6953 5961 994
11310 6953 5961 497
113100 6953 5961 248 44 45
113101 7201 5961 249 45
113102 6953 5713 248
113103 7201 5713 249
11311 7450 5961 497 45
11312 6953 5465 497
11313 7450 5465 497
1132 5960 4968 993
1133 6953 4968 994
12 0 3974 3973
13 3973 3974 3974
