52
2 33 48 52
2 33 53 59
2 33 59 65
2 33 65 78
2 33 79 88
2 33 88 102
2 33 103 113
2 33 117 128
2 33 131 143
2 33 147 161
2 33 165 178
2 33 184 199
2 33 203 220
2 33 224 241 
2 33 247 264
4 30 274 292
4 30 300 320
4 30 325 346
4 30 353 375
3 28 385 410
3 28 414 438
42 79 24 51
42 79 56 84
42 79 89 117
42 79 123 150
42 79 156 184
42 79 193 222
42 79 228 260
42 79 268 302
42 79 308 341
42 79 349 382
42 79 390 424
42 79 430 466
90 129 36 75
90 132 80 121
93 139 127 166
93 139 173 212
93 139 222 262
93 139 272 313
93 139 319 363
93 139 369 411
93 139 418 462
142 194 13 58
142 194 63 111
146 196 115 163
142 194 170 219
142 194 227 273
148 194 282 329
147 195 336 384
142 194 396 444
142 194 448 495