subboss_carryarm_break
5
93 153 517 550
93 153 559 592
93 153 598 631
93 153 638 671
93 153 680 713

subboss_carryarm_bulletnotorbanerdestroy
8
251 268 367 384
240 276 390 423
240 276 430 459
240 276 463 494
240 276 500 534
240 276 541 574
240 276 582 615
240 276 622 654

subboss_carryarm_straight
4
93 153 347 384
93 153 387 424
93 153 427 464
93 153 467 504

subbos_carryarm_loose
6
162 220 411 448
162 220 456 493
162 220 497 542
162 220 546 591
162 220 593 630
162 220 637 674

box
1
28 77 283 332

subbos-box
cái thùng chu D:
1
2 91 6 263

cái chân:
1
93 182 118 263

Meta Capsule
19
189 220 10 43
189 220 45 78
189 220 80 113
189 220 115 148
189 220 150 183
189 220 185 218
189 220 220 253
189 220 254 287
189 220 288 321
189 220 322 355
221 252 20 53
221 252 54 87
221 252 88 121
221 252 122 155
221 252 156 189
221 252 190 223
221 252 224 257
221 252 258 291
221 252 292 325

meta capsule bullet
3
255 273 156 171
255 273 174 189
255 273 192 207